 79 | (73 16 95 14 ) | 37
 28 | (28 90 12 52 ) | 13
 68 | (90 96 31 15 ) | 100
  9 | ( 9 62 69 31 ) | 35
 49 | (63 75 19 58 ) | 98
 93 | (17 86  9 99 ) | 95
 13 | (49 80 44 98 ) | 12
 12 | (73 91 95 44 ) | 29
 62 | ( 4 56 36 13 ) | 30
 71 | ( 7 67 27 28 ) | 88
  7 | (54 58 78 84 ) | 76
 90 | (31 93 30 46 ) | 8
 32 | (60 75 20 60 ) | 24
 15 | (99 39 98 58 ) | 25
 88 | (95 68 71 50 ) | 19
 61 | (95 60 65 53 ) | 45
  3 | ( 2 25 59 87 ) | 80
 75 | (98 56 49 20 ) | 64
 85 | (94 20  3  9 ) | 78
 53 | (29  5  3 71 ) | 18
 31 | ( 9 76  8 97 ) | 12
 41 | (55  7 19 44 ) | 67
 98 | (99 19 56 74 ) | 96
 59 | (80 43 81 56 ) | 23
 51 | (97 12 21 80 ) | 25
  2 | (43 39 63 80 ) | 96
 12 | (81 95 63 20 ) | 47
 99 | (79 74 34 12 ) | 26
  9 | (88 19 36 38 ) | 22
 36 | (47  3 78 26 ) | 50
 66 | (23 89 98 13 ) | 86
 90 | ( 3  2 31 26 ) | 11
 97 | (58 70 56 62 ) | 26
 57 | (20  7 22 74 ) | 21
 85 | (73 16 66 15 ) | 91
 46 | (53 25 52 24 ) | 23
 98 | (58  9 84 21 ) | 9
 95 | (31 53 41 58 ) | 32
 36 | (96 70 79 70 ) | 89
 78 | (16 54 78 91 ) | 55
 11 | (16  6 83 60 ) | 2
 82 | ( 2 87  6 52 ) | 13
 82 | ( 4 96  5 64 ) | 2
 26 | (32 85 16 59 ) | 24
  4 | (23 26 55  9 ) | 64
  6 | ( 2  3 78 37 ) | 66
 44 | (12 27 73 82 ) | 57
 29 | (74 11  8 97 ) | 71
 99 | (74 59 77 42 ) | 60
 91 | (21 20 41 11 ) | 56
 40 | (92 17 79  6 ) | 67
 55 | (13 50 95 44 ) | 29
 36 | (79  8 47 25 ) | 40
 26 | ( 1 74  3 14 ) | 75
  5 | (44  7 96 76 ) | 89
 12 | (49 20 18 43 ) | 15
 39 | (10 22 25 46 ) | 52
  4 | (37 10  5 64 ) | 22
 60 | (31  5 64  3 ) | 98
 72 | (92  3 86 22 ) | 74
 81 | (90 86 90  8 ) | 92
  3 | (61 67 87 29 ) | 98
 45 | (41 20 99  7 ) | 80
 98 | (41 40  1 71 ) | 66
 75 | (50  6 67 20 ) | 70
 91 | (22 30 44 18 ) | 94
 77 | (98 92 10 60 ) | 39
  5 | (34 66 36 14 ) | 94
 83 | (61 30 42 73 ) | 58
  8 | (68 55 53  6 ) | 99
 71 | (79 15 90 15 ) | 86
 62 | (62 77 94 30 ) | 81
 46 | (13  5 35 38 ) | 8
 90 | (56 81 24 80 ) | 96
 43 | (73 99 23 94 ) | 100
 73 | (41 82 42 58 ) | 64
 41 | (89 63  5 76 ) | 63
 80 | (21 28 25  3 ) | 89
  6 | (82 81 23 10 ) | 15
100 | (11 75 29 79 ) | 41
 16 | (24 88 95 91 ) | 87
 22 | (20  6 99 93 ) | 55
 33 | (78 59 44 27 ) | 70
 63 | (51 82 32 20 ) | 36
 47 | (69 90 80  3 ) | 51
 88 | (31 96 49 20 ) | 32
 50 | (60 93  3 87 ) | 30
 43 | (64 93 33 45 ) | 31
 76 | (68 53 41 46 ) | 62
 85 | (14 63 75  7 ) | 38
 51 | (42 69 42 29 ) | 79
 60 | (57  9 94 18 ) | 30
 27 | (82 27 26 47 ) | 24
 62 | (96 30 48  5 ) | 64
 52 | (50  7 55 97 ) | 75
 60 | (36  6 86 37 ) | 38
 47 | (26 67 84 79 ) | 64
  5 | (54 29 23 89 ) | 85
 88 | (98 84 70 56 ) | 31
 94 | (62  5 18 66 ) | 17
 94 | (91 44 13 43 ) | 74
 74 | (50 37 45 84 ) | 39
 80 | (58 41  3 88 ) | 72
 76 | (48 23 12 85 ) | 94
 50 | (96 40 27 46 ) | 85
  2 | (10 77  9 16 ) | 73
 88 | ( 5 20 62 18 ) | 87
 66 | (83 30 67 75 ) | 16
 99 | (47 56 64 77 ) | 57
 71 | (34 36 95 94 ) | 94
 61 | (62 86 13 38 ) | 2
 29 | (26 24 30 42 ) | 82
 11 | (24 65 61 19 ) | 69
 78 | (16 92 22 98 ) | 27
  6 | (29 90 59 26 ) | 85
 37 | (35 65 27  6 ) | 51
  6 | (39 10 78 55 ) | 4
 26 | (86 95 71 62 ) | 39
 87 | (70 97 67 63 ) | 25
 24 | (75 23 74 95 ) | 30
 27 | (86 39 72 65 ) | 98
 63 | ( 2 20 59  7 ) | 55
 98 | (47 47 23 31 ) | 76
 54 | (54  2 28 38 ) | 89
 74 | (12 52 74 65 ) | 71
 73 | (14 92 64 65 ) | 43
  1 | ( 3 72 64 75 ) | 22
 19 | (66 51 81 28 ) | 9
 48 | (59 21 92 83 ) | 25
 82 | (31 69 40 64 ) | 10
 66 | (33 58 13 48 ) | 25
 97 | (56 89 23  8 ) | 59
 11 | (18 22 33 91 ) | 84
 56 | (33 54 94 24 ) | 81
 52 | (97 74 66 30 ) | 67
  8 | (69 60 32  3 ) | 31
 99 | (51 53 70 16 ) | 93
 50 | (23 73 92 23 ) | 43
 32 | (73 56 25 38 ) | 58
 32 | (39 23 87 34 ) | 55
 99 | (25 19 16 37 ) | 37
 75 | (24 90 46 30 ) | 96
  2 | (86 50 80 46 ) | 6
 32 | (74 71 86 64 ) | 83
 54 | (76 80 31 68 ) | 89
 50 | (95 44 36 65 ) | 60
 14 | (57 41 15 51 ) | 68
 69 | (39 27 38 34 ) | 1
 51 | (59 32 43 82 ) | 16
 77 | (14 73 85 71 ) | 28
 75 | (73 61 69 62 ) | 31
 31 | (33 51 12 67 ) | 65
  6 | (12 84 64 89 ) | 25
 37 | ( 5 15 74 80 ) | 14
 79 | (36 32 40 12 ) | 26
  6 | (79 45 46 76 ) | 73
 70 | (42 49 56 91 ) | 4
 52 | (27 10 89 63 ) | 64
 94 | (29 40  7 85 ) | 90
 73 | (53 99 73 13 ) | 4
 41 | (46 93 36 87 ) | 53
 48 | (73 93 75 86 ) | 17
 12 | (68 64 53 49 ) | 7
 66 | (64 85  9 64 ) | 85
 44 | (24 45 65 24 ) | 61
  3 | ( 2 29 59 41 ) | 52
 96 | (54  2 42 15 ) | 26
 10 | (99 15 34  6 ) | 28
 29 | (24 86 47 66 ) | 43
 94 | (34 48 46 54 ) | 55
  3 | ( 2 49 34 40 ) | 82
 53 | (19 17 97 99 ) | 98
 95 | (17 82 90 21 ) | 16
 50 | (21 40  4 32 ) | 68
 38 | (26 32 37 67 ) | 63
 52 | ( 8 49 59 21 ) | 8
 66 | (67 25 26 50 ) | 28
 50 | (54 23 18 82 ) | 16
 92 | ( 4 37 39 86 ) | 16
 84 | (78 74 17 26 ) | 91
 53 | (74 87 66  4 ) | 6
 19 | (71 92 25 51 ) | 18
 50 | (56 54 84 28 ) | 15
 89 | (92 58 11 52 ) | 51
  7 | (52 49 13  1 ) | 23
 59 | (81 27 40  2 ) | 59
 40 | (20 57 36 83 ) | 56
 48 | (44 78 88 73 ) | 15
 99 | (15 65 76 18 ) | 56
 31 | (62 84 23 46 ) | 87
 22 | (24 38  3 30 ) | 15
 41 | (36 39 76 92 ) | 10
 64 | (79 70 94 56 ) | 31
  3 | (67 69 50 34 ) | 89
 68 | (79 57  3 82 ) | 65
 22 | (36 16 33 56 ) | 39
 58 | ( 8 19 61 39 ) | 1
 89 | ( 2 40 17 25 ) | 57
 34 | (46 16 31 71 ) | 82
 39 | (27 59 75 84 ) | 12
 80 | (73 94 43 24 ) | 80
 46 | (85  2 69 14 ) | 28
  6 | (56 96 50 58 ) | 19
100 | ( 5 87 21 89 ) | 60
 29 | (50 94  9 10 ) | 49
 17 | ( 2 42 78 20 ) | 25
 49 | ( 6 76 68 18 ) | 39
 80 | (88  8 37 79 ) | 48
  8 | (53 12 47 55 ) | 29
 10 | (64 48 18 78 ) | 64
 11 | (80 31 78 31 ) | 81
 40 | (90 71 75  4 ) | 80
 48 | (52 84 90 34 ) | 83
 29 | (91 89 24 76 ) | 66
 80 | (83 32 28 48 ) | 71
  9 | ( 9  2 52 76 ) | 94
  5 | (35 77 51 19 ) | 7
 13 | (97 56 86 17 ) | 77
 12 | (25 66 85 59 ) | 75
 40 | (46  7 28 34 ) | 6
 49 | (29 47 87 13 ) | 35
 15 | (86 88 49 58 ) | 47
 37 | (80 77 39 26 ) | 16
 91 | (16 50 11 47 ) | 92
 17 | (77 39 25 27 ) | 87
 33 | (55 70 75 40 ) | 3
 60 | (37 73 70  3 ) | 24
 23 | (34 55 60 34 ) | 4
 46 | (47  4 82 56 ) | 76
 87 | (30 74 92 51 ) | 28
 48 | (33 81 46 56 ) | 46
 58 | (74 76 29 44 ) | 68
 49 | (49  7 63  1 ) | 75
  6 | (83 64 12 98 ) | 27
 43 | (67 57 37  4 ) | 84
 81 | (30 27 81 20 ) | 79
 72 | (15 95 46 20 ) | 37
  1 | (46 15 22 38 ) | 40
 64 | (66 15 75 64 ) | 29
 37 | (62 79 54 76 ) | 24
 35 | (34 46 29 38 ) | 41
 86 | ( 8 13 68 50 ) | 23
100 | (65 18 17 26 ) | 70
 19 | (86 44 49 70 ) | 77
 68 | (64 95 78 33 ) | 63
 16 | (90 44 47 39 ) | 95
 94 | ( 7 34 72 19 ) | 72
 18 | (50 79 97 77 ) | 95
 60 | (25 80 60 95 ) | 9
 96 | ( 7 52 15 88 ) | 17
 91 | (56 17 86 11 ) | 27
 18 | (61 28 73  9 ) | 88
 52 | ( 5 26 73 65 ) | 92
 74 | (80 62 23  9 ) | 85
 27 | (88 65 25  4 ) | 74
 84 | (51  1 42 20 ) | 38
 74 | (65 78 41 10 ) | 55
 23 | ( 4 31 94 44 ) | 58
 11 | (12 40 17 42 ) | 40
 51 | (19 76 29 72 ) | 29
 14 | (13 40 50 66 ) | 48
 58 | (67 12 85 49 ) | 16
 37 | (79 75 52 53 ) | 31
 66 | (29 44 78  4 ) | 76
 54 | (47 27 58  1 ) | 41
 98 | (24 53 72 64 ) | 48
 52 | (18 77 60 25 ) | 6
 53 | ( 8  5 33  7 ) | 92
  3 | (28 24 67 75 ) | 24
 84 | (21 42 58 27 ) | 57
 42 | (75 92 60 61 ) | 59
 68 | (52  3 46 14 ) | 55
 62 | (42 47 45 55 ) | 16
 39 | (60 53 30 60 ) | 59
 88 | (42 63 58 50 ) | 89
100 | (50 54 63 14 ) | 22
 33 | (12 82 74 78 ) | 77
 46 | (34  7 66 36 ) | 82
 66 | (49 36 93  4 ) | 53
 70 | (78 65 13 20 ) | 5
 88 | (91 68 38 56 ) | 15
 22 | ( 6 92 95 96 ) | 47
 25 | ( 1 36 96 52 ) | 11
 58 | (16 10 15 28 ) | 25
 77 | (62 63 19 70 ) | 64
 66 | (68 28 23 68 ) | 44
  8 | (57 61 23 60 ) | 73
 70 | (86 77 46 43 ) | 47
 68 | ( 2 13 42 45 ) | 9
 89 | ( 3 16 36 17 ) | 43
 40 | (47 66 35 29 ) | 8
  1 | (57 37 66 13 ) | 1
 84 | (19 76 76 52 ) | 100
 33 | (60 85 93 17 ) | 22
 29 | (50 57 37 46 ) | 25
 77 | (63 87 56 49 ) | 35
 57 | (86 93 30 90 ) | 46
 35 | (50 62 19 48 ) | 14
 91 | (65 74 61 38 ) | 53
 78 | (23 72 29 35 ) | 50
 72 | (56 78 99 42 ) | 13
 40 | (39 37 34 77 ) | 79
 70 | (83 72 80 22 ) | 14
 65 | (43 59 48 32 ) | 34
 59 | ( 3 16 68 34 ) | 21
 63 | (14 58 92 76 ) | 57
 51 | (96 14 33 42 ) | 23
 67 | (71 19 78 74 ) | 74
  7 | (24 62 62 18 ) | 62
 53 | (40 61 87 17 ) | 55
 78 | (28 64 77 19 ) | 79
 44 | (84 67 28 79 ) | 90
  1 | (16 37 25 88 ) | 63
 45 | (18  8 47 87 ) | 90
 18 | (90 42 10 89 ) | 16
 53 | (81 26 28 70 ) | 82
 98 | (82 30 97 97 ) | 70
 54 | (76 91 23 28 ) | 97
 32 | (15 15  2 56 ) | 92
 67 | (43 72 55 29 ) | 56
 20 | (50 95  1  9 ) | 50
 20 | (21 77 50 13 ) | 1
 73 | (84 52 19 35 ) | 97
 29 | (89 23 43 54 ) | 45
  7 | (33 86 11 42 ) | 14
 72 | (68 67 50  7 ) | 61
 36 | (57 97 47 39 ) | 91
 58 | (69 87 52 22 ) | 78
 61 | (56 85 70 22 ) | 53
 83 | (72 24 83 58 ) | 46
 14 | (32 77 57 97 ) | 68
 30 | (56 18 53 42 ) | 7
 67 | (93 40 55 88 ) | 97
 56 | (56 55 44 87 ) | 11
 82 | (51 68 26 51 ) | 66
 77 | (84 11 55  5 ) | 37
 25 | (31 50 77  9 ) | 61
 92 | (61 36  4 48 ) | 40
 82 | (60 42 90 93 ) | 50
  8 | (55 73 80 66 ) | 66
 75 | (81 48 44 42 ) | 1
 96 | (46 54 26 80 ) | 97
 72 | (27 33 70 65 ) | 22
 40 | (49 67 66 52 ) | 74
 43 | (66 89 69 97 ) | 61
 71 | (35 55 22 79 ) | 67
  3 | (95 94  9 22 ) | 61
  5 | (42 29 21  2 ) | 71
  5 | ( 2 49 34 78 ) | 16
 14 | (71 65 50  7 ) | 60
  8 | (40  6 61 80 ) | 80
 77 | (65 26 35 13 ) | 45
 88 | (20 63 93 63 ) | 21
 83 | ( 7 33 67 90 ) | 34
  9 | (24 65 45  1 ) | 71
 83 | (65 52 87 91 ) | 81
 39 | (47  6 70 21 ) | 83
 87 | (34 18 38 24 ) | 75
 14 | (63 63 60  9 ) | 66
 93 | (76 20 37 68 ) | 84
 14 | ( 6 79 62 91 ) | 67
100 | (40  7 94 83 ) | 32
 84 | (34  6 10  3 ) | 27
 15 | (68 69 85 89 ) | 63
 30 | (73 26 12 19 ) | 3
 84 | (16 38 91 12 ) | 20
 77 | (97 39 72 15 ) | 70
 95 | (60 46 30 13 ) | 99
 57 | (95 15 15  1 ) | 72
  1 | (27 28 87 55 ) | 73
 52 | ( 7 45  7 71 ) | 94
 59 | (55 90 13 38 ) | 6
 11 | ( 6  5 89 24 ) | 36
 83 | (17 59 40 15 ) | 37
 38 | (23 65 93 24 ) | 41
 90 | (75 87  8 35 ) | 35
 63 | (11 22 47 83 ) | 75
 54 | (15 53 91  5 ) | 53
  2 | (89  7 37 85 ) | 59
 80 | (97 88 32 50 ) | 96
 49 | (46 87 91 60 ) | 23
 18 | (26 52 65 14 ) | 92
 71 | (43 80 99 39 ) | 76
 86 | (98  5  8 21 ) | 97
 82 | (33 23 81 71 ) | 75
 82 | (47 17 39 74 ) | 11
 97 | (40 63 38 72 ) | 85
 76 | (98  3 55 10 ) | 40
 84 | (71 46 90  1 ) | 71
 70 | (32 78 37 14 ) | 65
 64 | (31 42 24 29 ) | 82
 47 | (88 54 72 41 ) | 50
 60 | (85 55 27 68 ) | 40
 29 | (55 71 53 80 ) | 63
 57 | (55  8 30 94 ) | 40
 55 | (35 56 39 48 ) | 84
 70 | (48  6 41 50 ) | 96
  4 | (47 32  5 37 ) | 52
  4 | (19 32 67 73 ) | 26
  7 | (93 94 60 44 ) | 65
 57 | ( 6 72 97 47 ) | 61
 38 | (37 73 79 93 ) | 56
 65 | (87 83 63 16 ) | 15
 68 | (79 55 64 99 ) | 21
 93 | (88 95  7 12 ) | 28
 62 | ( 8  1  8 97 ) | 63
 39 | (67 33 87  2 ) | 33
 91 | (72 13  2 47 ) | 2
 67 | (74 64 40 91 ) | 50
  1 | (17 55 27 22 ) | 49
 93 | (59 12 40 39 ) | 22
 61 | (20 65 88 31 ) | 24
 90 | (48 85 40 98 ) | 14
 66 | (41 85  8 48 ) | 34
 80 | (22  8 27 13 ) | 9
 61 | (42 41 47 22 ) | 21
 89 | (54 99 45 41 ) | 43
  1 | (71 52 86 64 ) | 75
 87 | (64 63 49 34 ) | 60
 22 | (95 11 32 25 ) | 51
 34 | ( 2 35 47 26 ) | 81
 85 | (50 25 25 69 ) | 74
 60 | (20 16 29 28 ) | 94
  2 | (95 11 48 44 ) | 88
 35 | (35 56  7 50 ) | 43
  2 | (31 68 78 93 ) | 44
 33 | (90 46 41 50 ) | 37
 37 | (30  5 24 76 ) | 8
 48 | (11 62 78 20 ) | 88
 88 | (16 51  5 12 ) | 16
 13 | (49 70 77 56 ) | 96
 56 | (20 92 54 60 ) | 95
 26 | (75 38 67 85 ) | 29
 55 | (56 28 26 12 ) | 36
 92 | (33 87 77 54 ) | 44
 12 | (24 72  9 69 ) | 76
 40 | (84 45 99 59 ) | 8
 66 | (70 24 52 30 ) | 86
 31 | (93 67 24  9 ) | 97
 81 | (72 67 48  3 ) | 90
 73 | (72 50 44  7 ) | 81
 76 | (98 75 84 55 ) | 59
 86 | (47 57 47 30 ) | 5
 36 | (66 46 89 28 ) | 63
 48 | (77 51 44 17 ) | 3
 50 | (22  6 81 54 ) | 38
 29 | (28  3 35 60 ) | 83
 70 | (22 24 95 96 ) | 88
  5 | (73 29 69 45 ) | 46
 36 | ( 6 11 37  2 ) | 72
 81 | (88 74 17 39 ) | 91
  6 | (19 17  3 70 ) | 30
 46 | (31 25 14 28 ) | 57
 24 | (23 57 39  7 ) | 12
 72 | (45  6 37 12 ) | 23
 52 | (16 52 74 30 ) | 17
 95 | (21 88 20 92 ) | 5
 11 | (26 96 83 29 ) | 86
 60 | (15 32 92 69 ) | 95
  5 | (54  4 78 95 ) | 51
 51 | (57 11 58 77 ) | 30
 41 | (28 71 19 33 ) | 31
 61 | (73 97 75 89 ) | 34
  9 | (97 84 13  5 ) | 24
 49 | (26  2  5 80 ) | 83
 52 | (73 19 28 96 ) | 50
 48 | (94  9 62  7 ) | 86
 98 | (75 37 94 11 ) | 42
 92 | (30 63 47 15 ) | 90
 29 | (18 22 17 47 ) | 51
 10 | (11 12 55  3 ) | 7
  6 | (11 44  5 29 ) | 73
 40 | (53 51 50 96 ) | 62
 35 | (55 67 96  3 ) | 82
 15 | (69 86 15 66 ) | 1
 85 | (27 20 76 29 ) | 7
 35 | (41 92 20 96 ) | 71
 11 | ( 1 94  1 35 ) | 79
 53 | (19 82 14 71 ) | 53
 13 | (41 29 53 83 ) | 87
 38 | (29  4 70 57 ) | 32
 51 | (71 90 92 83 ) | 19
  5 | (39 57 68 45 ) | 88
 41 | (18 54 57 50 ) | 92
 54 | (94 33 87 55 ) | 29
 84 | (21 43 69 80 ) | 43
 71 | (63 29 67 18 ) | 12
 99 | ( 9 38 26 48 ) | 94
 68 | (38 89 57 68 ) | 1
 48 | (99 97 13 85 ) | 7
 63 | (21  7 15 94 ) | 5
 63 | (21  4 36 69 ) | 82
 26 | (22 58 81  2 ) | 95
 89 | (59  3 41 75 ) | 83
  1 | (88 63 82 72 ) | 44
 39 | (70  1 23 62 ) | 53
 96 | (36  5 84 96 ) | 88
 53 | (17 72 41 17 ) | 2
 54 | (31  1 60  2 ) | 92
 37 | (56 56 73 84 ) | 92
 97 | (49 31 47 56 ) | 18
  8 | (33 91  6 43 ) | 49
 49 | (19 26 20 86 ) | 40
 65 | (52 61 60 46 ) | 88
 36 | (34 68 58 96 ) | 30
 14 | (12 50 41 83 ) | 23
 43 | (67 30  6 86 ) | 38
 32 | (48  9 17 88 ) | 82
 40 | (38 16 37 29 ) | 69
 71 | (14 61 74 11 ) | 6
 68 | (36 93 17 65 ) | 56
 58 | (64  8 10 69 ) | 74
 72 | (88 65 80 71 ) | 12
 50 | (53 53 52 22 ) | 23
 41 | ( 3 51 52 56 ) | 68
 54 | (83 97 58 16 ) | 66
 72 | ( 3 53 34 17 ) | 23
 83 | (81 23 18 56 ) | 1
 77 | (31 47 19 38 ) | 94
 89 | (16 17 38 41 ) | 75
 31 | (37 28 20 90 ) | 16
 90 | (29 12 27 29 ) | 92
 24 | (98 83 34 73 ) | 16
 20 | (89 69 65 87 ) | 5
 11 | (36 14 47 72 ) | 31
  2 | (80 90 60 75 ) | 41
 95 | (19 70 61  8 ) | 24
 35 | (82 50 16 62 ) | 34
 53 | (42 54 84 47 ) | 56
 10 | (40 63 25 10 ) | 23
 35 | (66 82 14 69 ) | 79
 95 | (17 17 94 71 ) | 98
 39 | (69 16 96 80 ) | 50
 28 | (37 70 44 80 ) | 13
 82 | (85 36 97 35 ) | 91
  1 | (68 14 59 81 ) | 86
 57 | (53 51 43 57 ) | 40
 22 | (68 84 46 37 ) | 14
 66 | (14 74 22 33 ) | 51
  6 | (73 57 65 75 ) | 72
 17 | (45 52 68 12 ) | 26
 16 | (13 78 53 14 ) | 35
  6 | (48 67 76 40 ) | 35
 98 | (56 28 21  2 ) | 12
 84 | (73 51 87 59 ) | 79
 98 | (89 22 76 61 ) | 65
 68 | (79 53 53 31 ) | 74
 73 | (86 43 55 17 ) | 32
 79 | (75  3 21  4 ) | 43
 67 | ( 1 48 97 29 ) | 96
 42 | ( 7 34 53 83 ) | 21
 81 | (64 79 46 94 ) | 63
 23 | (25 54 18 73 ) | 22
 11 | (83 79 38 15 ) | 20
 81 | (71 28 36 86 ) | 23
 18 | (47 98 29 34 ) | 11
 97 | (61 56 26 97 ) | 33
 50 | (80 71 10 54 ) | 96
 81 | (72 65 60 73 ) | 43
 50 | (46  1 81 56 ) | 78
 91 | (95 92 38 56 ) | 54
100 | (59 46 29 15 ) | 81
 63 | (66 33 81 68 ) | 27
 67 | (80 94 45 34 ) | 91
 66 | (12 57 40 37 ) | 20
 16 | (83  2 17 31 ) | 67
 11 | (68 45 19 94 ) | 66
 80 | (57 19 56 51 ) | 60
 11 | (92 82 89 46 ) | 29
 65 | (83  7 46 79 ) | 82
 65 | (70 74  3 16 ) | 21
 21 | (59 44 51 39 ) | 90
 60 | (67 57 89  9 ) | 77
 17 | (57 54 18 59 ) | 65
 24 | (37 45 78 89 ) | 56
 11 | (75 51 44 95 ) | 90
 88 | (42 89  4 62 ) | 1
 21 | (32 20 25 35 ) | 100
 70 | (21 29 35 54 ) | 88
 34 | (31 68 38 87 ) | 9
 99 | (69 16 69 43 ) | 58
  7 | (64 78 87 89 ) | 96
 18 | (93  3 25 94 ) | 52
 99 | (25 60 84 28 ) | 11
 39 | (99 22 18 65 ) | 98
  5 | (27 95 86 63 ) | 53
 33 | (63 90 64 20 ) | 99
 71 | (33 57 16 81 ) | 37
 92 | (50 45 88 86 ) | 74
 99 | (79 90 98 18 ) | 5
 26 | (62 75  3 53 ) | 76
 26 | (45 74 12  5 ) | 73
 66 | (66 15 51 99 ) | 47
 73 | (21  8 54 66 ) | 18
 27 | (97 27 24 77 ) | 31
  9 | (45 34 26 41 ) | 48
 91 | (29 78 53 15 ) | 52
 32 | (38 48 52 65 ) | 78
 67 | (91 78  5 14 ) | 21
 41 | (32 61 46 71 ) | 26
 15 | (38 19 47 71 ) | 25
 17 | (34 98  2 96 ) | 12
 18 | (88 98 47  2 ) | 11
 71 | (33 77 42 40 ) | 72
 63 | (42 34 37 33 ) | 84
 18 | (13 78 16 39 ) | 12
 64 | (30 44 71 33 ) | 64
 51 | ( 4 78 12 61 ) | 40
 82 | (13 38 10 56 ) | 37
 57 | (56 50  9 87 ) | 10
  3 | (78 97 32 28 ) | 70
  5 | (87 16 56 89 ) | 17
 12 | (26  9 65 23 ) | 100
 75 | (38 32 36 50 ) | 78
 69 | (46 96 61  6 ) | 20
 79 | ( 8 84 26 56 ) | 30
 41 | (37 29 38 93 ) | 37
 62 | ( 9 14 83 89 ) | 75
 20 | (45 99 95 80 ) | 100
 45 | (37  2 15 49 ) | 83
 53 | (78 82 85 75 ) | 86
100 | (73 54 62 68 ) | 95
 54 | (59  5 32 16 ) | 97
 81 | (11 20 15 59 ) | 65
 70 | (94 40 51 82 ) | 63
 11 | (33 86 36 34 ) | 28
 98 | ( 9 48 17 21 ) | 16
  5 | (15 60 98 23 ) | 65
 88 | (82 80 83 80 ) | 55
 76 | (72 77 35 97 ) | 35
 33 | (74 96 91 45 ) | 90
 69 | (38 54 28 45 ) | 67
 95 | (97 62 56 93 ) | 27
 13 | (82 14 49  1 ) | 35
 30 | (76 64 10 52 ) | 74
 66 | ( 2 25 33 30 ) | 34
 60 | (72 36  1  7 ) | 8
 91 | (51  1 55 91 ) | 34
100 | (96 64 37 40 ) | 62
 76 | (47 33 72 86 ) | 85
  8 | (45 83 36 53 ) | 92
 69 | ( 8 52 25 31 ) | 84
 79 | (34 42  2 44 ) | 5
 58 | (51 27 83  6 ) | 50
  6 | (91 64 40 36 ) | 33
 67 | (96 71 14 11 ) | 18
 63 | (15  2 86 65 ) | 89
 54 | ( 8 65 76 66 ) | 29
 12 | (45 43 86  3 ) | 6
 68 | (52 82 92 78 ) | 75
  2 | ( 7 87 43 66 ) | 70
 34 | (23 27 42  6 ) | 4
 18 | ( 7 30 63 94 ) | 28
  5 | (28 34 90 96 ) | 88
 73 | (10 73 98 35 ) | 87
  6 | (27 15 76 57 ) | 52
 56 | (87 38 96 64 ) | 9
 93 | (56 34  1  1 ) | 76
 76 | (83 30 32 55 ) | 66
  4 | (11 42 73 95 ) | 17
 27 | (84 47 44 62 ) | 53
 40 | (37 69 93 90 ) | 38
 91 | ( 1 37 69 72 ) | 34
  6 | (30 71 25 69 ) | 92
 25 | (67 97 18 56 ) | 44
 41 | (36 59  9 26 ) | 60
 78 | (91 70 26 37 ) | 74
 20 | ( 4 87  1 84 ) | 83
 78 | (36 99 82 56 ) | 92
  8 | (53 63 42 97 ) | 97
 59 | (79 63  7 66 ) | 52
 64 | (61 94 65 76 ) | 70
 32 | (63 86 87 65 ) | 62
 85 | ( 5 74 28 61 ) | 45
 11 | (67 90 33 82 ) | 61
 66 | (73 57 19 76 ) | 94
 61 | (59 94 68  4 ) | 20
  3 | (21 63 15 70 ) | 23
  9 | (49 38  9 93 ) | 82
 66 | (24 50 18 86 ) | 40
 92 | (40 38 63 12 ) | 59
 62 | (43 76 63  5 ) | 97
  3 | (94 78 19 95 ) | 28
 69 | ( 9 69 11 24 ) | 5
 73 | (11 68 48  5 ) | 93
 79 | (35 37 86 17 ) | 29
 88 | (97  3  6 77 ) | 5
 25 | (99 41 47 86 ) | 82
 54 | (82 80 43 49 ) | 74
 99 | (15 35 56 13 ) | 93
 36 | (28 49 51  1 ) | 16
 64 | ( 4 16 35 26 ) | 73
 39 | (74 40 35 91 ) | 53
 48 | (69 90 23 83 ) | 42
 20 | (43 31 90  7 ) | 56
  1 | (99 17 53 16 ) | 60
 43 | (48 71 19 83 ) | 47
 69 | (39 25 55 82 ) | 95
  5 | (10 29 10 64 ) | 70
 56 | (23 29  2 73 ) | 48
 37 | (22 30 93 65 ) | 62
 57 | (92 82 78 44 ) | 77
 93 | (79 73 27 60 ) | 34
 14 | (52 87 51 31 ) | 94
 73 | (41 71 36 90 ) | 62
 29 | ( 8 25 44 19 ) | 3
 65 | (77 31 75 80 ) | 66
 55 | (24 97 63 96 ) | 37
 85 | ( 2 35 35 35 ) | 26
 79 | (16 62 10 13 ) | 98
 66 | (40 86 43  4 ) | 36
 28 | (87 29  4 70 ) | 30
 10 | (95 13  2 37 ) | 25
  4 | (42 16 18 15 ) | 57
 79 | (84 34 42 69 ) | 42
 54 | ( 5 70 60 82 ) | 2
 60 | (49 11 77 61 ) | 88
 44 | ( 7  4 78 40 ) | 37
 97 | (56 73 99 17 ) | 20
 66 | (68 79 19 95 ) | 36
 86 | (47 81 35  9 ) | 57
 89 | (92 69 39 60 ) | 80
 93 | (17 80 48 30 ) | 3
 75 | (20 57 49 41 ) | 16
 28 | (60 11 56 82 ) | 56
 77 | (50 25 71  2 ) | 16
 57 | (46 50 30 29 ) | 74
  7 | (56 48 37 57 ) | 13
 11 | ( 4 26 93 21 ) | 41
 57 | ( 7 50 14 58 ) | 51
 43 | (17  8 79 82 ) | 55
 58 | (39 63 26 95 ) | 24
 34 | (35 37  5 66 ) | 35
 39 | (51 87 93 27 ) | 96
 81 | (97 59 81 24 ) | 74
 42 | ( 9 24  1 88 ) | 18
 59 | (23 73 47 92 ) | 97
 29 | ( 7 56 45 99 ) | 59
 31 | (36 98 54 27 ) | 83
 27 | (15 77 20 47 ) | 21
 19 | ( 9 97 55 36 ) | 54
 40 | (16 64 50 14 ) | 47
 21 | (36 57 98 63 ) | 94
 25 | (87 76 98 44 ) | 60
 44 | (25 50 66 53 ) | 63
 59 | (42 93 75 48 ) | 58
 35 | (21 15  5 96 ) | 93
 65 | (91 74 29 19 ) | 94
 57 | (81 69 60 36 ) | 34
 22 | (17 69 93 13 ) | 54
 26 | (26 96 11 22 ) | 12
 97 | (68 84 18 60 ) | 90
  2 | (22 50 77 65 ) | 7
 79 | (53 23 20 14 ) | 20
 72 | (85 86  7  1 ) | 34
 19 | (72 88 76  6 ) | 31
 10 | (97 78 29 71 ) | 2
 69 | (20 31 61 85 ) | 72
 28 | (41  9 86 71 ) | 53
 87 | (47 57 84 29 ) | 16
 12 | (88 78 43 31 ) | 82
 13 | (18 63 24 68 ) | 37
 91 | (78 58 52 28 ) | 13
 23 | (45 76 91 57 ) | 20
 67 | (39 36 56 94 ) | 90
 72 | ( 3 99 39 12 ) | 52
 78 | (25 43 51 97 ) | 26
 57 | (92 75 15  5 ) | 66
 83 | ( 7 36 65 86 ) | 18
 89 | (81  9 79 28 ) | 76
  7 | (29 77  8 33 ) | 21
 37 | (67  9 65  2 ) | 4
 85 | ( 5 72 33 76 ) | 69
 56 | ( 5 99 20 10 ) | 21
 12 | (74 34 96  6 ) | 33
 24 | (98 50 79 11 ) | 70
 28 | (28 15 98 16 ) | 51
 93 | (94 18 52 16 ) | 37
 61 | (88 40 78 61 ) | 25
 59 | (57 82 78 37 ) | 46
 23 | (46 62 21  4 ) | 6
 91 | (14 76 71 94 ) | 77
 57 | (75 65 53 77 ) | 72
 74 | (47 88 69 77 ) | 72
 60 | (39 17 36 16 ) | 64
  2 | (26 61 35 24 ) | 58
 50 | (78 74 96 24 ) | 66
 70 | (73 55 80 31 ) | 14
 53 | (24 65 92 10 ) | 50
 82 | (32 68 64  4 ) | 97
 86 | (25 24 29 62 ) | 60
 53 | (31 82 96 61 ) | 76
 30 | ( 2 58 20 31 ) | 73
 74 | (61 54 58 51 ) | 93
  4 | (42 58 68 17 ) | 91
 65 | (97 21  1 99 ) | 83
 41 | (54 70 95 90 ) | 12
 54 | (27 68 29 35 ) | 81
 85 | (71 66 33 31 ) | 74
 73 | (78 24 13 90 ) | 5
 31 | (66 45 41  3 ) | 10
 10 | (14 95 29 57 ) | 27
 39 | ( 6 88 90 37 ) | 31
 32 | (36 70 54 51 ) | 50
 89 | (15 75 73 88 ) | 70
 17 | (12 77 44 26 ) | 45
 34 | (93 41 61  1 ) | 37
 69 | ( 4 46 67 95 ) | 11
 40 | (86 13  8 35 ) | 30
 27 | (77 12 80 25 ) | 57
 75 | (52 58 73 50 ) | 34
 86 | (82 68 70 61 ) | 37
  2 | (83 82 64 55 ) | 18
 13 | (56 25 23 89 ) | 81
 36 | (58 51 53 68 ) | 29
 50 | (29 65 95 41 ) | 61
 47 | (70  7 98 29 ) | 27
 52 | (27 29 96 44 ) | 94
  7 | (33 81 96 26 ) | 43
 31 | (63 34 53 41 ) | 24
 38 | (44 56 37 84 ) | 45
 31 | (70 71 36 76 ) | 51
 64 | (88 10 15 15 ) | 68
 41 | (20 93 42 47 ) | 51
 29 | ( 7 84 30 95 ) | 19
 38 | (33 92 64 23 ) | 50
 43 | (86 33 88 92 ) | 30
 57 | (21 24 27 73 ) | 23
 25 | (97  7 91 42 ) | 80
 40 | (87 53 29 67 ) | 12
 23 | (60  8 15 68 ) | 39
 76 | (42 45 61 98 ) | 32
 21 | (39 40 24 93 ) | 33
 38 | (28 44 42 42 ) | 68
 78 | ( 5  4 22 57 ) | 86
 14 | (80 63 86  6 ) | 24
 78 | (63 47 52 46 ) | 31
 94 | (43 84 30 39 ) | 83
 83 | (77 74 46 66 ) | 41
 72 | (27 89 36 39 ) | 48
 30 | (92  9 17 76 ) | 71
 62 | ( 8 69  7 54 ) | 79
 88 | (37 81 57 16 ) | 91
 80 | (55 21 88 33 ) | 28
 30 | (95  8  5 77 ) | 36
 11 | (16 90 53 35 ) | 19
 22 | (24 28 56 94 ) | 34
 47 | (27 46 75 43 ) | 58
 31 | (16 49 80 51 ) | 81
 79 | (43 34 31 30 ) | 79
 84 | (35 35 63  4 ) | 100
  2 | (18 13  6 90 ) | 66
 27 | (70 40  1 29 ) | 39
  3 | (12 65 97 91 ) | 36
 85 | (83 41 36 69 ) | 41
 23 | (36 16 79 63 ) | 97
  2 | (95 93 14 86 ) | 84
 31 | (59 20 83 79 ) | 49
 97 | (34 12 24 27 ) | 5
 12 | (80 88 82 78 ) | 97
 30 | (96 74 77 86 ) | 36
 86 | (53 54  1 17 ) | 97
 93 | (60 43 78 19 ) | 33
 44 | (97 35 57 52 ) | 18
 99 | (42 40 88 81 ) | 26
 19 | ( 9 88  1 49 ) | 70
 52 | (28 28 79 12 ) | 18
  7 | (72 85 21 32 ) | 98
 72 | (36 12 27 62 ) | 97
 95 | (69 30 79 97 ) | 46
 44 | (52 86  7 34 ) | 38
 61 | (50 88 40 50 ) | 84
 85 | (42 64 64 50 ) | 31
 57 | ( 5 58 13 79 ) | 31
 23 | (56 84  8  3 ) | 9
  7 | (82 58 17 70 ) | 75
 80 | (82 66 48 70 ) | 24
 21 | (28 72 23 25 ) | 78
 71 | (88 83 56 61 ) | 44
 91 | ( 3 73 57 39 ) | 62
 64 | (80 55 80  9 ) | 78
 98 | (68 46 82 71 ) | 42
 64 | (97 44 60 74 ) | 82
 55 | (85  3  8 29 ) | 80
 90 | (94 72  1 31 ) | 15
 81 | (28 43 45 30 ) | 54
 92 | (54 52 22 75 ) | 54
  7 | (47 93 15 49 ) | 4
 27 | (10 32 62 53 ) | 31
 96 | (13 69 14 47 ) | 77
 59 | ( 6 35 24 54 ) | 93
 33 | (69 12  9 29 ) | 80
 80 | (18 54 56 58 ) | 97
 96 | (71  2 83 86 ) | 51
 49 | (81 74 78 38 ) | 95
 51 | (90  7 56 38 ) | 28
 99 | (58 49 13 71 ) | 82
 60 | (47  5 43 15 ) | 26
 94 | (46 10 59 63 ) | 6
 73 | (84 98 31 46 ) | 63
 43 | (94 69  3 59 ) | 51
 12 | (55 40 42 89 ) | 31
  7 | (51  7 37 64 ) | 44
 60 | (54 35 17  1 ) | 72
 33 | (81 62 38  8 ) | 57
 80 | (17 66 11 47 ) | 92
 55 | (88 19 25 19 ) | 83
 69 | (95 78 62 71 ) | 13
 42 | ( 7 47  9 25 ) | 55
 99 | (85 14 68 94 ) | 100
 67 | (31 45 92 99 ) | 51
  9 | (89 17 97 51 ) | 18
 51 | (61 35 95 27 ) | 41
 21 | (67 73 50 82 ) | 3
 54 | (25 43 30 54 ) | 25
 19 | (83 99 66 25 ) | 85
  9 | (29 12 30 43 ) | 38
 34 | (53 75 50 67 ) | 5
 43 | (10 90  3 43 ) | 60
 77 | (52 22 27 20 ) | 53
 90 | (98 77 92 76 ) | 49
 45 | (33 40 14 77 ) | 47
 63 | (31 20  4 83 ) | 26
 36 | (83 72 19 93 ) | 14
 79 | (68  9 51 89 ) | 54
 94 | (94 85 44 76 ) | 51
 53 | (96 82 54 97 ) | 74
 12 | (30 29 52 31 ) | 90
 76 | (59 97 20  5 ) | 68
 13 | (45  4 33 67 ) | 95
 86 | (81 19 53 36 ) | 91
 25 | (96 97 25 52 ) | 20
 83 | (26 49 39 74 ) | 95
 53 | (56  5 12 71 ) | 53
 74 | (90 24 49  5 ) | 30
 70 | (24 49 34 71 ) | 20
 74 | (95 50 81 27 ) | 58
 55 | (82 15 66  3 ) | 51
 93 | (21 13 97 49 ) | 46
 21 | (49 71 32 66 ) | 15
 77 | (12 63 90 57 ) | 73
 93 | (89 51 57 55 ) | 62
 71 | (74 82 94 42 ) | 78
 45 | (53 31 89 33 ) | 70
 70 | (98 65 71 10 ) | 75
 24 | (22 64 91 46 ) | 81
 92 | (84 95 17 90 ) | 84
 24 | (46 14 79 20 ) | 98
 30 | (97 82 85  6 ) | 63
 11 | (93 95 71 23 ) | 86
 97 | (51 18  7 20 ) | 34
 70 | (89 24 40 49 ) | 47
 70 | (39 29 55 57 ) | 14
 26 | (34 28 55  6 ) | 23
 47 | (93 67 48 22 ) | 83
 17 | (20 52 16 66 ) | 48
 59 | (48 80  7 60 ) | 9
 48 | (47 42 64 51 ) | 5
 20 | (50 55 97 76 ) | 38
 95 | (85  4 15 92 ) | 80
 78 | (90 39 54 60 ) | 29
 14 | (79 71 87 80 ) | 94
 70 | (18 74 21 72 ) | 4
 72 | (73 67  4 37 ) | 73
  1 | (65 13 21 24 ) | 78
  3 | (45 77 86 21 ) | 13
 59 | (42 19  2 17 ) | 17
 53 | (98 81 72 55 ) | 31
 24 | (44 60 31 21 ) | 46
 46 | (48 96 92 72 ) | 59
 58 | (18  7  3 35 ) | 26
 63 | (50 60 49 22 ) | 40
 42 | ( 4 65 17 60 ) | 69
 23 | (47 20 16 74 ) | 31
 33 | (84 38 72 53 ) | 82
 71 | (97 76 97 81 ) | 77
 35 | (94  7  8 77 ) | 35
 19 | (98 85 74 85 ) | 25
 97 | (64 40 37 50 ) | 52
 72 | (25 30  3 54 ) | 10
 84 | (52 18 69 40 ) | 51
 60 | (83 13 43 49 ) | 41
 43 | (37 72 13 37 ) | 14
 80 | (23 64 33 83 ) | 88
 30 | (98 34 24 59 ) | 53
 47 | (38  5 51 42 ) | 16
 54 | (45 23 27 99 ) | 33
100 | (38 24 23  2 ) | 73
 52 | (47 20 39 96 ) | 42
 63 | (55 77 78 39 ) | 68
 90 | (75 43 67 19 ) | 30
 64 | (18  7 63 91 ) | 73
 61 | (90 90 19 15 ) | 89
 95 | (92 54 39 95 ) | 3
  8 | (66 11 71 46 ) | 38
 84 | (79 74 69 11 ) | 33
 51 | (40 98 73 16 ) | 3
 40 | ( 3 15 63 73 ) | 99
 68 | (19 31 74 28 ) | 20
 51 | (77 61 75 95 ) | 30
