 79 | (73 16 95) | 37
 28 | (28 90 12) | 13
 68 | (90 96 31) | 100
  9 | ( 9 62 69) | 35
 49 | (63 75 19) | 98
 93 | (17 86  9) | 95
 13 | (49 80 44) | 12
 12 | (73 91 95) | 29
 62 | ( 4 56 36) | 30
 71 | ( 7 67 27) | 88
  7 | (54 58 78) | 76
 90 | (31 93 30) | 8
 32 | (60 75 20) | 24
 15 | (99 39 98) | 25
 88 | (95 68 71) | 19
 61 | (95 60 65) | 45
  3 | ( 2 25 59) | 80
 75 | (98 56 49) | 64
 85 | (94 20  3) | 78
 53 | (29  5  3) | 18
 31 | ( 9 76  8) | 12
 41 | (55  7 19) | 67
 98 | (99 19 56) | 96
 59 | (80 43 81) | 23
 51 | (97 12 21) | 25
  2 | (43 39 63) | 96
 12 | (81 95 63) | 47
 99 | (79 74 34) | 26
  9 | (88 19 36) | 22
 36 | (47  3 78) | 50
 66 | (23 89 98) | 86
 90 | ( 3  2 31) | 11
 97 | (58 70 56) | 26
 57 | (20  7 22) | 21
 85 | (73 16 66) | 91
 46 | (53 25 52) | 23
 98 | (58  9 84) | 9
 95 | (31 53 41) | 32
 36 | (96 70 79) | 89
 78 | (16 54 78) | 55
 11 | (16  6 83) | 2
 82 | ( 2 87  6) | 13
 82 | ( 4 96  5) | 2
 26 | (32 85 16) | 24
  4 | (23 26 55) | 64
  6 | ( 2  3 78) | 66
 44 | (12 27 73) | 57
 29 | (74 11  8) | 71
 99 | (74 59 77) | 60
 91 | (21 20 41) | 56
 40 | (92 17 79) | 67
 55 | (13 50 95) | 29
 36 | (79  8 47) | 40
 26 | ( 1 74  3) | 75
  5 | (44  7 96) | 89
 12 | (49 20 18) | 15
 39 | (10 22 25) | 52
  4 | (37 10  5) | 22
 60 | (31  5 64) | 98
 72 | (92  3 86) | 74
 81 | (90 86 90) | 92
  3 | (61 67 87) | 98
 45 | (41 20 99) | 80
 98 | (41 40  1) | 66
 75 | (50  6 67) | 70
 91 | (22 30 44) | 94
 77 | (98 92 10) | 39
  5 | (34 66 36) | 94
 83 | (61 30 42) | 58
  8 | (68 55 53) | 99
 71 | (79 15 90) | 86
 62 | (62 77 94) | 81
 46 | (13  5 35) | 8
 90 | (56 81 24) | 96
 43 | (73 99 23) | 100
 73 | (41 82 42) | 64
 41 | (89 63  5) | 63
 80 | (21 28 25) | 89
  6 | (82 81 23) | 15
100 | (11 75 29) | 41
 16 | (24 88 95) | 87
 22 | (20  6 99) | 55
 33 | (78 59 44) | 70
 63 | (51 82 32) | 36
 47 | (69 90 80) | 51
 88 | (31 96 49) | 32
 50 | (60 93  3) | 30
 43 | (64 93 33) | 31
 76 | (68 53 41) | 62
 85 | (14 63 75) | 38
 51 | (42 69 42) | 79
 60 | (57  9 94) | 30
 27 | (82 27 26) | 24
 62 | (96 30 48) | 64
 52 | (50  7 55) | 75
 60 | (36  6 86) | 38
 47 | (26 67 84) | 64
  5 | (54 29 23) | 85
 88 | (98 84 70) | 31
 94 | (62  5 18) | 17
 94 | (91 44 13) | 74
 74 | (50 37 45) | 39
 80 | (58 41  3) | 72
 76 | (48 23 12) | 94
 50 | (96 40 27) | 85
  2 | (10 77  9) | 73
 88 | ( 5 20 62) | 87
 66 | (83 30 67) | 16
 99 | (47 56 64) | 57
 71 | (34 36 95) | 94
 61 | (62 86 13) | 2
 29 | (26 24 30) | 82
 11 | (24 65 61) | 69
 78 | (16 92 22) | 27
  6 | (29 90 59) | 85
 37 | (35 65 27) | 51
  6 | (39 10 78) | 4
 26 | (86 95 71) | 39
 87 | (70 97 67) | 25
 24 | (75 23 74) | 30
 27 | (86 39 72) | 98
 63 | ( 2 20 59) | 55
 98 | (47 47 23) | 76
 54 | (54  2 28) | 89
 74 | (12 52 74) | 71
 73 | (14 92 64) | 43
  1 | ( 3 72 64) | 22
 19 | (66 51 81) | 9
 48 | (59 21 92) | 25
 82 | (31 69 40) | 10
 66 | (33 58 13) | 25
 97 | (56 89 23) | 59
 11 | (18 22 33) | 84
 56 | (33 54 94) | 81
 52 | (97 74 66) | 67
  8 | (69 60 32) | 31
 99 | (51 53 70) | 93
 50 | (23 73 92) | 43
 32 | (73 56 25) | 58
 32 | (39 23 87) | 55
 99 | (25 19 16) | 37
 75 | (24 90 46) | 96
  2 | (86 50 80) | 6
 32 | (74 71 86) | 83
 54 | (76 80 31) | 89
 50 | (95 44 36) | 60
 14 | (57 41 15) | 68
 69 | (39 27 38) | 1
 51 | (59 32 43) | 16
 77 | (14 73 85) | 28
 75 | (73 61 69) | 31
 31 | (33 51 12) | 65
  6 | (12 84 64) | 25
 37 | ( 5 15 74) | 14
 79 | (36 32 40) | 26
  6 | (79 45 46) | 73
 70 | (42 49 56) | 4
 52 | (27 10 89) | 64
 94 | (29 40  7) | 90
 73 | (53 99 73) | 4
 41 | (46 93 36) | 53
 48 | (73 93 75) | 17
 12 | (68 64 53) | 7
 66 | (64 85  9) | 85
 44 | (24 45 65) | 61
  3 | ( 2 29 59) | 52
 96 | (54  2 42) | 26
 10 | (99 15 34) | 28
 29 | (24 86 47) | 43
 94 | (34 48 46) | 55
  3 | ( 2 49 34) | 82
 53 | (19 17 97) | 98
 95 | (17 82 90) | 16
 50 | (21 40  4) | 68
 38 | (26 32 37) | 63
 52 | ( 8 49 59) | 8
 66 | (67 25 26) | 28
 50 | (54 23 18) | 16
 92 | ( 4 37 39) | 16
 84 | (78 74 17) | 91
 53 | (74 87 66) | 6
 19 | (71 92 25) | 18
 50 | (56 54 84) | 15
 89 | (92 58 11) | 51
  7 | (52 49 13) | 23
 59 | (81 27 40) | 59
 40 | (20 57 36) | 56
 48 | (44 78 88) | 15
 99 | (15 65 76) | 56
 31 | (62 84 23) | 87
 22 | (24 38  3) | 15
 41 | (36 39 76) | 10
 64 | (79 70 94) | 31
  3 | (67 69 50) | 89
 68 | (79 57  3) | 65
 22 | (36 16 33) | 39
 58 | ( 8 19 61) | 1
 89 | ( 2 40 17) | 57
 34 | (46 16 31) | 82
 39 | (27 59 75) | 12
 80 | (73 94 43) | 80
 46 | (85  2 69) | 28
  6 | (56 96 50) | 19
100 | ( 5 87 21) | 60
 29 | (50 94  9) | 49
 17 | ( 2 42 78) | 25
 49 | ( 6 76 68) | 39
 80 | (88  8 37) | 48
  8 | (53 12 47) | 29
 10 | (64 48 18) | 64
 11 | (80 31 78) | 81
 40 | (90 71 75) | 80
 48 | (52 84 90) | 83
 29 | (91 89 24) | 66
 80 | (83 32 28) | 71
  9 | ( 9  2 52) | 94
  5 | (35 77 51) | 7
 13 | (97 56 86) | 77
 12 | (25 66 85) | 75
 40 | (46  7 28) | 6
 49 | (29 47 87) | 35
 15 | (86 88 49) | 47
 37 | (80 77 39) | 16
 91 | (16 50 11) | 92
 17 | (77 39 25) | 87
 33 | (55 70 75) | 3
 60 | (37 73 70) | 24
 23 | (34 55 60) | 4
 46 | (47  4 82) | 76
 87 | (30 74 92) | 28
 48 | (33 81 46) | 46
 58 | (74 76 29) | 68
 49 | (49  7 63) | 75
  6 | (83 64 12) | 27
 43 | (67 57 37) | 84
 81 | (30 27 81) | 79
 72 | (15 95 46) | 37
  1 | (46 15 22) | 40
 64 | (66 15 75) | 29
 37 | (62 79 54) | 24
 35 | (34 46 29) | 41
 86 | ( 8 13 68) | 23
100 | (65 18 17) | 70
 19 | (86 44 49) | 77
 68 | (64 95 78) | 63
 16 | (90 44 47) | 95
 94 | ( 7 34 72) | 72
 18 | (50 79 97) | 95
 60 | (25 80 60) | 9
 96 | ( 7 52 15) | 17
 91 | (56 17 86) | 27
 18 | (61 28 73) | 88
 52 | ( 5 26 73) | 92
 74 | (80 62 23) | 85
 27 | (88 65 25) | 74
 84 | (51  1 42) | 38
 74 | (65 78 41) | 55
 23 | ( 4 31 94) | 58
 11 | (12 40 17) | 40
 51 | (19 76 29) | 29
 14 | (13 40 50) | 48
 58 | (67 12 85) | 16
 37 | (79 75 52) | 31
 66 | (29 44 78) | 76
 54 | (47 27 58) | 41
 98 | (24 53 72) | 48
 52 | (18 77 60) | 6
 53 | ( 8  5 33) | 92
  3 | (28 24 67) | 24
 84 | (21 42 58) | 57
 42 | (75 92 60) | 59
 68 | (52  3 46) | 55
 62 | (42 47 45) | 16
 39 | (60 53 30) | 59
 88 | (42 63 58) | 89
100 | (50 54 63) | 22
 33 | (12 82 74) | 77
 46 | (34  7 66) | 82
 66 | (49 36 93) | 53
 70 | (78 65 13) | 5
 88 | (91 68 38) | 15
 22 | ( 6 92 95) | 47
 25 | ( 1 36 96) | 11
 58 | (16 10 15) | 25
 77 | (62 63 19) | 64
 66 | (68 28 23) | 44
  8 | (57 61 23) | 73
 70 | (86 77 46) | 47
 68 | ( 2 13 42) | 9
 89 | ( 3 16 36) | 43
 40 | (47 66 35) | 8
  1 | (57 37 66) | 1
 84 | (19 76 76) | 100
 33 | (60 85 93) | 22
 29 | (50 57 37) | 25
 77 | (63 87 56) | 35
 57 | (86 93 30) | 46
 35 | (50 62 19) | 14
 91 | (65 74 61) | 53
 78 | (23 72 29) | 50
 72 | (56 78 99) | 13
 40 | (39 37 34) | 79
 70 | (83 72 80) | 14
 65 | (43 59 48) | 34
 59 | ( 3 16 68) | 21
 63 | (14 58 92) | 57
 51 | (96 14 33) | 23
 67 | (71 19 78) | 74
  7 | (24 62 62) | 62
 53 | (40 61 87) | 55
 78 | (28 64 77) | 79
 44 | (84 67 28) | 90
  1 | (16 37 25) | 63
 45 | (18  8 47) | 90
 18 | (90 42 10) | 16
 53 | (81 26 28) | 82
 98 | (82 30 97) | 70
 54 | (76 91 23) | 97
 32 | (15 15  2) | 92
 67 | (43 72 55) | 56
 20 | (50 95  1) | 50
 20 | (21 77 50) | 1
 73 | (84 52 19) | 97
 29 | (89 23 43) | 45
  7 | (33 86 11) | 14
 72 | (68 67 50) | 61
 36 | (57 97 47) | 91
 58 | (69 87 52) | 78
 61 | (56 85 70) | 53
 83 | (72 24 83) | 46
 14 | (32 77 57) | 68
 30 | (56 18 53) | 7
 67 | (93 40 55) | 97
 56 | (56 55 44) | 11
 82 | (51 68 26) | 66
 77 | (84 11 55) | 37
 25 | (31 50 77) | 61
 92 | (61 36  4) | 40
 82 | (60 42 90) | 50
  8 | (55 73 80) | 66
 75 | (81 48 44) | 1
 96 | (46 54 26) | 97
 72 | (27 33 70) | 22
 40 | (49 67 66) | 74
 43 | (66 89 69) | 61
 71 | (35 55 22) | 67
  3 | (95 94  9) | 61
  5 | (42 29 21) | 71
  5 | ( 2 49 34) | 16
 14 | (71 65 50) | 60
  8 | (40  6 61) | 80
 77 | (65 26 35) | 45
 88 | (20 63 93) | 21
 83 | ( 7 33 67) | 34
  9 | (24 65 45) | 71
 83 | (65 52 87) | 81
 39 | (47  6 70) | 83
 87 | (34 18 38) | 75
 14 | (63 63 60) | 66
 93 | (76 20 37) | 84
 14 | ( 6 79 62) | 67
100 | (40  7 94) | 32
 84 | (34  6 10) | 27
 15 | (68 69 85) | 63
 30 | (73 26 12) | 3
 84 | (16 38 91) | 20
 77 | (97 39 72) | 70
 95 | (60 46 30) | 99
 57 | (95 15 15) | 72
  1 | (27 28 87) | 73
 52 | ( 7 45  7) | 94
 59 | (55 90 13) | 6
 11 | ( 6  5 89) | 36
 83 | (17 59 40) | 37
 38 | (23 65 93) | 41
 90 | (75 87  8) | 35
 63 | (11 22 47) | 75
 54 | (15 53 91) | 53
  2 | (89  7 37) | 59
 80 | (97 88 32) | 96
 49 | (46 87 91) | 23
 18 | (26 52 65) | 92
 71 | (43 80 99) | 76
 86 | (98  5  8) | 97
 82 | (33 23 81) | 75
 82 | (47 17 39) | 11
 97 | (40 63 38) | 85
 76 | (98  3 55) | 40
 84 | (71 46 90) | 71
 70 | (32 78 37) | 65
 64 | (31 42 24) | 82
 47 | (88 54 72) | 50
 60 | (85 55 27) | 40
 29 | (55 71 53) | 63
 57 | (55  8 30) | 40
 55 | (35 56 39) | 84
 70 | (48  6 41) | 96
  4 | (47 32  5) | 52
  4 | (19 32 67) | 26
  7 | (93 94 60) | 65
 57 | ( 6 72 97) | 61
 38 | (37 73 79) | 56
 65 | (87 83 63) | 15
 68 | (79 55 64) | 21
 93 | (88 95  7) | 28
 62 | ( 8  1  8) | 63
 39 | (67 33 87) | 33
 91 | (72 13  2) | 2
 67 | (74 64 40) | 50
  1 | (17 55 27) | 49
 93 | (59 12 40) | 22
 61 | (20 65 88) | 24
 90 | (48 85 40) | 14
 66 | (41 85  8) | 34
 80 | (22  8 27) | 9
 61 | (42 41 47) | 21
 89 | (54 99 45) | 43
  1 | (71 52 86) | 75
 87 | (64 63 49) | 60
 22 | (95 11 32) | 51
 34 | ( 2 35 47) | 81
 85 | (50 25 25) | 74
 60 | (20 16 29) | 94
  2 | (95 11 48) | 88
 35 | (35 56  7) | 43
  2 | (31 68 78) | 44
 33 | (90 46 41) | 37
 37 | (30  5 24) | 8
 48 | (11 62 78) | 88
 88 | (16 51  5) | 16
 13 | (49 70 77) | 96
 56 | (20 92 54) | 95
 26 | (75 38 67) | 29
 55 | (56 28 26) | 36
 92 | (33 87 77) | 44
 12 | (24 72  9) | 76
 40 | (84 45 99) | 8
 66 | (70 24 52) | 86
 31 | (93 67 24) | 97
 81 | (72 67 48) | 90
 73 | (72 50 44) | 81
 76 | (98 75 84) | 59
 86 | (47 57 47) | 5
 36 | (66 46 89) | 63
 48 | (77 51 44) | 3
 50 | (22  6 81) | 38
 29 | (28  3 35) | 83
 70 | (22 24 95) | 88
  5 | (73 29 69) | 46
 36 | ( 6 11 37) | 72
 81 | (88 74 17) | 91
  6 | (19 17  3) | 30
 46 | (31 25 14) | 57
 24 | (23 57 39) | 12
 72 | (45  6 37) | 23
 52 | (16 52 74) | 17
 95 | (21 88 20) | 5
 11 | (26 96 83) | 86
 60 | (15 32 92) | 95
  5 | (54  4 78) | 51
 51 | (57 11 58) | 30
 41 | (28 71 19) | 31
 61 | (73 97 75) | 34
  9 | (97 84 13) | 24
 49 | (26  2  5) | 83
 52 | (73 19 28) | 50
 48 | (94  9 62) | 86
 98 | (75 37 94) | 42
 92 | (30 63 47) | 90
 29 | (18 22 17) | 51
 10 | (11 12 55) | 7
  6 | (11 44  5) | 73
 40 | (53 51 50) | 62
 35 | (55 67 96) | 82
 15 | (69 86 15) | 1
 85 | (27 20 76) | 7
 35 | (41 92 20) | 71
 11 | ( 1 94  1) | 79
 53 | (19 82 14) | 53
 13 | (41 29 53) | 87
 38 | (29  4 70) | 32
 51 | (71 90 92) | 19
  5 | (39 57 68) | 88
 41 | (18 54 57) | 92
 54 | (94 33 87) | 29
 84 | (21 43 69) | 43
 71 | (63 29 67) | 12
 99 | ( 9 38 26) | 94
 68 | (38 89 57) | 1
 48 | (99 97 13) | 7
 63 | (21  7 15) | 5
 63 | (21  4 36) | 82
 26 | (22 58 81) | 95
 89 | (59  3 41) | 83
  1 | (88 63 82) | 44
 39 | (70  1 23) | 53
 96 | (36  5 84) | 88
 53 | (17 72 41) | 2
 54 | (31  1 60) | 92
 37 | (56 56 73) | 92
 97 | (49 31 47) | 18
  8 | (33 91  6) | 49
 49 | (19 26 20) | 40
 65 | (52 61 60) | 88
 36 | (34 68 58) | 30
 14 | (12 50 41) | 23
 43 | (67 30  6) | 38
 32 | (48  9 17) | 82
 40 | (38 16 37) | 69
 71 | (14 61 74) | 6
 68 | (36 93 17) | 56
 58 | (64  8 10) | 74
 72 | (88 65 80) | 12
 50 | (53 53 52) | 23
 41 | ( 3 51 52) | 68
 54 | (83 97 58) | 66
 72 | ( 3 53 34) | 23
 83 | (81 23 18) | 1
 77 | (31 47 19) | 94
 89 | (16 17 38) | 75
 31 | (37 28 20) | 16
 90 | (29 12 27) | 92
 24 | (98 83 34) | 16
 20 | (89 69 65) | 5
 11 | (36 14 47) | 31
  2 | (80 90 60) | 41
 95 | (19 70 61) | 24
 35 | (82 50 16) | 34
 53 | (42 54 84) | 56
 10 | (40 63 25) | 23
 35 | (66 82 14) | 79
 95 | (17 17 94) | 98
 39 | (69 16 96) | 50
 28 | (37 70 44) | 13
 82 | (85 36 97) | 91
  1 | (68 14 59) | 86
 57 | (53 51 43) | 40
 22 | (68 84 46) | 14
 66 | (14 74 22) | 51
  6 | (73 57 65) | 72
 17 | (45 52 68) | 26
 16 | (13 78 53) | 35
  6 | (48 67 76) | 35
 98 | (56 28 21) | 12
 84 | (73 51 87) | 79
 98 | (89 22 76) | 65
 68 | (79 53 53) | 74
 73 | (86 43 55) | 32
 79 | (75  3 21) | 43
 67 | ( 1 48 97) | 96
 42 | ( 7 34 53) | 21
 81 | (64 79 46) | 63
 23 | (25 54 18) | 22
 11 | (83 79 38) | 20
 81 | (71 28 36) | 23
 18 | (47 98 29) | 11
 97 | (61 56 26) | 33
 50 | (80 71 10) | 96
 81 | (72 65 60) | 43
 50 | (46  1 81) | 78
 91 | (95 92 38) | 54
100 | (59 46 29) | 81
 63 | (66 33 81) | 27
 67 | (80 94 45) | 91
 66 | (12 57 40) | 20
 16 | (83  2 17) | 67
 11 | (68 45 19) | 66
 80 | (57 19 56) | 60
 11 | (92 82 89) | 29
 65 | (83  7 46) | 82
 65 | (70 74  3) | 21
 21 | (59 44 51) | 90
 60 | (67 57 89) | 77
 17 | (57 54 18) | 65
 24 | (37 45 78) | 56
 11 | (75 51 44) | 90
 88 | (42 89  4) | 1
 21 | (32 20 25) | 100
 70 | (21 29 35) | 88
 34 | (31 68 38) | 9
 99 | (69 16 69) | 58
  7 | (64 78 87) | 96
 18 | (93  3 25) | 52
 99 | (25 60 84) | 11
 39 | (99 22 18) | 98
  5 | (27 95 86) | 53
 33 | (63 90 64) | 99
 71 | (33 57 16) | 37
 92 | (50 45 88) | 74
 99 | (79 90 98) | 5
 26 | (62 75  3) | 76
 26 | (45 74 12) | 73
 66 | (66 15 51) | 47
 73 | (21  8 54) | 18
 27 | (97 27 24) | 31
  9 | (45 34 26) | 48
 91 | (29 78 53) | 52
 32 | (38 48 52) | 78
 67 | (91 78  5) | 21
 41 | (32 61 46) | 26
 15 | (38 19 47) | 25
 17 | (34 98  2) | 12
 18 | (88 98 47) | 11
 71 | (33 77 42) | 72
 63 | (42 34 37) | 84
 18 | (13 78 16) | 12
 64 | (30 44 71) | 64
 51 | ( 4 78 12) | 40
 82 | (13 38 10) | 37
 57 | (56 50  9) | 10
  3 | (78 97 32) | 70
  5 | (87 16 56) | 17
 12 | (26  9 65) | 100
 75 | (38 32 36) | 78
 69 | (46 96 61) | 20
 79 | ( 8 84 26) | 30
 41 | (37 29 38) | 37
 62 | ( 9 14 83) | 75
 20 | (45 99 95) | 100
 45 | (37  2 15) | 83
 53 | (78 82 85) | 86
100 | (73 54 62) | 95
 54 | (59  5 32) | 97
 81 | (11 20 15) | 65
 70 | (94 40 51) | 63
 11 | (33 86 36) | 28
 98 | ( 9 48 17) | 16
  5 | (15 60 98) | 65
 88 | (82 80 83) | 55
 76 | (72 77 35) | 35
 33 | (74 96 91) | 90
 69 | (38 54 28) | 67
 95 | (97 62 56) | 27
 13 | (82 14 49) | 35
 30 | (76 64 10) | 74
 66 | ( 2 25 33) | 34
 60 | (72 36  1) | 8
 91 | (51  1 55) | 34
100 | (96 64 37) | 62
 76 | (47 33 72) | 85
  8 | (45 83 36) | 92
 69 | ( 8 52 25) | 84
 79 | (34 42  2) | 5
 58 | (51 27 83) | 50
  6 | (91 64 40) | 33
 67 | (96 71 14) | 18
 63 | (15  2 86) | 89
 54 | ( 8 65 76) | 29
 12 | (45 43 86) | 6
 68 | (52 82 92) | 75
  2 | ( 7 87 43) | 70
 34 | (23 27 42) | 4
 18 | ( 7 30 63) | 28
  5 | (28 34 90) | 88
 73 | (10 73 98) | 87
  6 | (27 15 76) | 52
 56 | (87 38 96) | 9
 93 | (56 34  1) | 76
 76 | (83 30 32) | 66
  4 | (11 42 73) | 17
 27 | (84 47 44) | 53
 40 | (37 69 93) | 38
 91 | ( 1 37 69) | 34
  6 | (30 71 25) | 92
 25 | (67 97 18) | 44
 41 | (36 59  9) | 60
 78 | (91 70 26) | 74
 20 | ( 4 87  1) | 83
 78 | (36 99 82) | 92
  8 | (53 63 42) | 97
 59 | (79 63  7) | 52
 64 | (61 94 65) | 70
 32 | (63 86 87) | 62
 85 | ( 5 74 28) | 45
 11 | (67 90 33) | 61
 66 | (73 57 19) | 94
 61 | (59 94 68) | 20
  3 | (21 63 15) | 23
  9 | (49 38  9) | 82
 66 | (24 50 18) | 40
 92 | (40 38 63) | 59
 62 | (43 76 63) | 97
  3 | (94 78 19) | 28
 69 | ( 9 69 11) | 5
 73 | (11 68 48) | 93
 79 | (35 37 86) | 29
 88 | (97  3  6) | 5
 25 | (99 41 47) | 82
 54 | (82 80 43) | 74
 99 | (15 35 56) | 93
 36 | (28 49 51) | 16
 64 | ( 4 16 35) | 73
 39 | (74 40 35) | 53
 48 | (69 90 23) | 42
 20 | (43 31 90) | 56
  1 | (99 17 53) | 60
 43 | (48 71 19) | 47
 69 | (39 25 55) | 95
  5 | (10 29 10) | 70
 56 | (23 29  2) | 48
 37 | (22 30 93) | 62
 57 | (92 82 78) | 77
 93 | (79 73 27) | 34
 14 | (52 87 51) | 94
 73 | (41 71 36) | 62
 29 | ( 8 25 44) | 3
 65 | (77 31 75) | 66
 55 | (24 97 63) | 37
 85 | ( 2 35 35) | 26
 79 | (16 62 10) | 98
 66 | (40 86 43) | 36
 28 | (87 29  4) | 30
 10 | (95 13  2) | 25
  4 | (42 16 18) | 57
 79 | (84 34 42) | 42
 54 | ( 5 70 60) | 2
 60 | (49 11 77) | 88
 44 | ( 7  4 78) | 37
 97 | (56 73 99) | 20
 66 | (68 79 19) | 36
 86 | (47 81 35) | 57
 89 | (92 69 39) | 80
 93 | (17 80 48) | 3
 75 | (20 57 49) | 16
 28 | (60 11 56) | 56
 77 | (50 25 71) | 16
 57 | (46 50 30) | 74
  7 | (56 48 37) | 13
 11 | ( 4 26 93) | 41
 57 | ( 7 50 14) | 51
 43 | (17  8 79) | 55
 58 | (39 63 26) | 24
 34 | (35 37  5) | 35
 39 | (51 87 93) | 96
 81 | (97 59 81) | 74
 42 | ( 9 24  1) | 18
 59 | (23 73 47) | 97
 29 | ( 7 56 45) | 59
 31 | (36 98 54) | 83
 27 | (15 77 20) | 21
 19 | ( 9 97 55) | 54
 40 | (16 64 50) | 47
 21 | (36 57 98) | 94
 25 | (87 76 98) | 60
 44 | (25 50 66) | 63
 59 | (42 93 75) | 58
 35 | (21 15  5) | 93
 65 | (91 74 29) | 94
 57 | (81 69 60) | 34
 22 | (17 69 93) | 54
 26 | (26 96 11) | 12
 97 | (68 84 18) | 90
  2 | (22 50 77) | 7
 79 | (53 23 20) | 20
 72 | (85 86  7) | 34
 19 | (72 88 76) | 31
 10 | (97 78 29) | 2
 69 | (20 31 61) | 72
 28 | (41  9 86) | 53
 87 | (47 57 84) | 16
 12 | (88 78 43) | 82
 13 | (18 63 24) | 37
 91 | (78 58 52) | 13
 23 | (45 76 91) | 20
 67 | (39 36 56) | 90
 72 | ( 3 99 39) | 52
 78 | (25 43 51) | 26
 57 | (92 75 15) | 66
 83 | ( 7 36 65) | 18
 89 | (81  9 79) | 76
  7 | (29 77  8) | 21
 37 | (67  9 65) | 4
 85 | ( 5 72 33) | 69
 56 | ( 5 99 20) | 21
 12 | (74 34 96) | 33
 24 | (98 50 79) | 70
 28 | (28 15 98) | 51
 93 | (94 18 52) | 37
 61 | (88 40 78) | 25
 59 | (57 82 78) | 46
 23 | (46 62 21) | 6
 91 | (14 76 71) | 77
 57 | (75 65 53) | 72
 74 | (47 88 69) | 72
 60 | (39 17 36) | 64
  2 | (26 61 35) | 58
 50 | (78 74 96) | 66
 70 | (73 55 80) | 14
 53 | (24 65 92) | 50
 82 | (32 68 64) | 97
 86 | (25 24 29) | 60
 53 | (31 82 96) | 76
 30 | ( 2 58 20) | 73
 74 | (61 54 58) | 93
  4 | (42 58 68) | 91
 65 | (97 21  1) | 83
 41 | (54 70 95) | 12
 54 | (27 68 29) | 81
 85 | (71 66 33) | 74
 73 | (78 24 13) | 5
 31 | (66 45 41) | 10
 10 | (14 95 29) | 27
 39 | ( 6 88 90) | 31
 32 | (36 70 54) | 50
 89 | (15 75 73) | 70
 17 | (12 77 44) | 45
 34 | (93 41 61) | 37
 69 | ( 4 46 67) | 11
 40 | (86 13  8) | 30
 27 | (77 12 80) | 57
 75 | (52 58 73) | 34
 86 | (82 68 70) | 37
  2 | (83 82 64) | 18
 13 | (56 25 23) | 81
 36 | (58 51 53) | 29
 50 | (29 65 95) | 61
 47 | (70  7 98) | 27
 52 | (27 29 96) | 94
  7 | (33 81 96) | 43
 31 | (63 34 53) | 24
 38 | (44 56 37) | 45
 31 | (70 71 36) | 51
 64 | (88 10 15) | 68
 41 | (20 93 42) | 51
 29 | ( 7 84 30) | 19
 38 | (33 92 64) | 50
 43 | (86 33 88) | 30
 57 | (21 24 27) | 23
 25 | (97  7 91) | 80
 40 | (87 53 29) | 12
 23 | (60  8 15) | 39
 76 | (42 45 61) | 32
 21 | (39 40 24) | 33
 38 | (28 44 42) | 68
 78 | ( 5  4 22) | 86
 14 | (80 63 86) | 24
 78 | (63 47 52) | 31
 94 | (43 84 30) | 83
 83 | (77 74 46) | 41
 72 | (27 89 36) | 48
 30 | (92  9 17) | 71
 62 | ( 8 69  7) | 79
 88 | (37 81 57) | 91
 80 | (55 21 88) | 28
 30 | (95  8  5) | 36
 11 | (16 90 53) | 19
 22 | (24 28 56) | 34
 47 | (27 46 75) | 58
 31 | (16 49 80) | 81
 79 | (43 34 31) | 79
 84 | (35 35 63) | 100
  2 | (18 13  6) | 66
 27 | (70 40  1) | 39
  3 | (12 65 97) | 36
 85 | (83 41 36) | 41
 23 | (36 16 79) | 97
  2 | (95 93 14) | 84
 31 | (59 20 83) | 49
 97 | (34 12 24) | 5
 12 | (80 88 82) | 97
 30 | (96 74 77) | 36
 86 | (53 54  1) | 97
 93 | (60 43 78) | 33
 44 | (97 35 57) | 18
 99 | (42 40 88) | 26
 19 | ( 9 88  1) | 70
 52 | (28 28 79) | 18
  7 | (72 85 21) | 98
 72 | (36 12 27) | 97
 95 | (69 30 79) | 46
 44 | (52 86  7) | 38
 61 | (50 88 40) | 84
 85 | (42 64 64) | 31
 57 | ( 5 58 13) | 31
 23 | (56 84  8) | 9
  7 | (82 58 17) | 75
 80 | (82 66 48) | 24
 21 | (28 72 23) | 78
 71 | (88 83 56) | 44
 91 | ( 3 73 57) | 62
 64 | (80 55 80) | 78
 98 | (68 46 82) | 42
 64 | (97 44 60) | 82
 55 | (85  3  8) | 80
 90 | (94 72  1) | 15
 81 | (28 43 45) | 54
 92 | (54 52 22) | 54
  7 | (47 93 15) | 4
 27 | (10 32 62) | 31
 96 | (13 69 14) | 77
 59 | ( 6 35 24) | 93
 33 | (69 12  9) | 80
 80 | (18 54 56) | 97
 96 | (71  2 83) | 51
 49 | (81 74 78) | 95
 51 | (90  7 56) | 28
 99 | (58 49 13) | 82
 60 | (47  5 43) | 26
 94 | (46 10 59) | 6
 73 | (84 98 31) | 63
 43 | (94 69  3) | 51
 12 | (55 40 42) | 31
  7 | (51  7 37) | 44
 60 | (54 35 17) | 72
 33 | (81 62 38) | 57
 80 | (17 66 11) | 92
 55 | (88 19 25) | 83
 69 | (95 78 62) | 13
 42 | ( 7 47  9) | 55
 99 | (85 14 68) | 100
 67 | (31 45 92) | 51
  9 | (89 17 97) | 18
 51 | (61 35 95) | 41
 21 | (67 73 50) | 3
 54 | (25 43 30) | 25
 19 | (83 99 66) | 85
  9 | (29 12 30) | 38
 34 | (53 75 50) | 5
 43 | (10 90  3) | 60
 77 | (52 22 27) | 53
 90 | (98 77 92) | 49
 45 | (33 40 14) | 47
 63 | (31 20  4) | 26
 36 | (83 72 19) | 14
 79 | (68  9 51) | 54
 94 | (94 85 44) | 51
 53 | (96 82 54) | 74
 12 | (30 29 52) | 90
 76 | (59 97 20) | 68
 13 | (45  4 33) | 95
 86 | (81 19 53) | 91
 25 | (96 97 25) | 20
 83 | (26 49 39) | 95
 53 | (56  5 12) | 53
 74 | (90 24 49) | 30
 70 | (24 49 34) | 20
 74 | (95 50 81) | 58
 55 | (82 15 66) | 51
 93 | (21 13 97) | 46
 21 | (49 71 32) | 15
 77 | (12 63 90) | 73
 93 | (89 51 57) | 62
 71 | (74 82 94) | 78
 45 | (53 31 89) | 70
 70 | (98 65 71) | 75
 24 | (22 64 91) | 81
 92 | (84 95 17) | 84
 24 | (46 14 79) | 98
 30 | (97 82 85) | 63
 11 | (93 95 71) | 86
 97 | (51 18  7) | 34
 70 | (89 24 40) | 47
 70 | (39 29 55) | 14
 26 | (34 28 55) | 23
 47 | (93 67 48) | 83
 17 | (20 52 16) | 48
 59 | (48 80  7) | 9
 48 | (47 42 64) | 5
 20 | (50 55 97) | 38
 95 | (85  4 15) | 80
 78 | (90 39 54) | 29
 14 | (79 71 87) | 94
 70 | (18 74 21) | 4
 72 | (73 67  4) | 73
  1 | (65 13 21) | 78
  3 | (45 77 86) | 13
 59 | (42 19  2) | 17
 53 | (98 81 72) | 31
 24 | (44 60 31) | 46
 46 | (48 96 92) | 59
 58 | (18  7  3) | 26
 63 | (50 60 49) | 40
 42 | ( 4 65 17) | 69
 23 | (47 20 16) | 31
 33 | (84 38 72) | 82
 71 | (97 76 97) | 77
 35 | (94  7  8) | 35
 19 | (98 85 74) | 25
 97 | (64 40 37) | 52
 72 | (25 30  3) | 10
 84 | (52 18 69) | 51
 60 | (83 13 43) | 41
 43 | (37 72 13) | 14
 80 | (23 64 33) | 88
 30 | (98 34 24) | 53
 47 | (38  5 51) | 16
 54 | (45 23 27) | 33
100 | (38 24 23) | 73
 52 | (47 20 39) | 42
 63 | (55 77 78) | 68
 90 | (75 43 67) | 30
 64 | (18  7 63) | 73
 61 | (90 90 19) | 89
 95 | (92 54 39) | 3
  8 | (66 11 71) | 38
 84 | (79 74 69) | 33
 51 | (40 98 73) | 3
 40 | ( 3 15 63) | 99
 68 | (19 31 74) | 20
 51 | (77 61 75) | 30
